Astrocyte-activated_module1 2977 57554 2915 493 2036 8927 773 816 5799 273 9312 6456 22895 1821 5063 6857 84867 54715 23072 8997 25927 1268 58512 22941 9699 4978 9001 5067 23504 121256 5801 93986 57282 9478 9568 9498 1804 1131 3382 10814 285175 1641 9369 57467 84530 115827 56934 9228 4753 644150 83988 2259 5789 57338 2257 114815 138046 11170 9722 10178 51555 785 63982 23544 2566 23671 152330 8618 64168 3756 5121 83851 6546 132204 60680 56479 55531 9162 79750 2743 8001 6326 10369 118427 129049 1996 148281 5126 53942 255426 29906 2892 375323 3354 10846 90632 2561 10368 55061 221074 54331 26034 758 40 168090 6585 83698 84966 6092 2903 3786 2562 2895 2893 1016 1007 266727 57828 1826 51761 6323 23057 146713 23254 220164 81832 442117 343990 84539 131034 2897 26059 84249 283455 57156 80059 57528 266722 9951 114 5455 348980 64084 57578 127254 9899 255928 26047 777 2567 78997 64478 131408 440073 139411 2904 55530 114788 23359 130733 347731 10777 147381 161357 407738 85300 401190 64409 91584 154790 388021
Astrocyte-activated_module2 58490 79096 27327 64848 4836 6894 23266 64744 79954 3843 64599 6873 8940 6103 26088 11047 3183 57418 7520 90678 23481 8683 10056 23367 50809 55660 7443 29088 54606 55342 2186 221336 2176 105376156 966 23228 23176 23077 55144 8666 29915 6045 7225 202559 26471 79868 5119 22906 200558 51574 124790 51307 100128966 90293 4034 79648 10656 5800 79705 81603 92799 84128 23310 64207 55250 5763 119504 59350 81617 203427 10362 8099 11275 53335 79734 3475 93183 199990 50485 3755 56262 56950 56654 23450 286257 4440 55785 51188 55164 140890 84668 64072 138639 79815 93343 51222 146223 26173 51571 55617 93663 23033 84067 9903 84173 89122 10233 3899 51768 54985 84450 23507 55068 202151 84553 80003 402 6046 22827 348262 11156 7936 158358 401145 286204 126731 130132 57633 147650 222183 114786 554226 285704 79729
Astrocyte-activated_module3 88 11116 3927 10529 22924 84445 4008 57568 22848 4218 9817 56704 3728 5819 64855 8027 10298 57556 25777 288 9647 5159 7078 7067 4000 1509 4637 1950 9696 10133 5970 3082 7852 64759 64743 10409 2697 255394 2185 3595 4776 10014 55729 23119 7049 51588 5605 6810 9344 3556 23136 7164 23433 4641 10938 5567 51701 3913 9659 124904395 3911 23328 5325 3915 54843 85415 29109 54453 54776 25981 2146 9051 80332 3912 1295 6095 27122 2195 8829 57326 1840 144165 961 55691 23224 357 54566 800 8643 57144 310 114907 7353 144100 22808 112609 4016 5874 7301 5579 83442 23102 3251 10758 8569 7461 1310 10365 90523 100874282 101927189 26232 9912 1465 150946 57569 55540 9580 114569 84133 27330 1012 84451 144568 93426 80258 6911 2736 7030 4601 5990 8038 6775 23336 10634 55501 4781 79778 55036 80199 9742 1116 79006 5475 6525 26002 2014 9411 105378858 828 55160 6441 23612 80303 7050 6586 2018 57520 11158 9645 7003 8322 9805 57154 79937 2277 113146 79774 57449 92949 347862 64805 63939 139324 132228 25959 145957 1903 284297 1435 10267 81794 4821 27242 57574 56917 168507 10886 4059 4325 59307 3274 286006 5919 90634 285498 2934 4360 8831 221178 112398 143458 347344 126208 100288142 1955 85301 5549 200373 283417 223117 342184 1773 100131897 389813 80045 284434
Astrocyte-activated_module4 2182 1727 5378 54407 490 9497 1186 23589 10102 9791 8604 23530 10994 7466 7371 5214 8192 5577 10939 2744 374291 1854 119 523 483 7374 56938 7086 10226 6522 56895 7360 51079 65055 410 5524 4357 23171 471 529 170463 79895 29953 51477 3684 8611 92675 216 4232 90203 51390 9840 4862 64429 79822 23252 7174 10908 29015 6652 2762 56052 8704 9071 9194 1528 771 6916 5122 57452 7106 23428 1807 11163 29887 55349 55244 80975 56261 201266 55711 64748 9766 6785 5973 22901 1317 25829 54923 1728 114134 285533 91523 284004 9890 29952 50865 81888 6120 6536 1734 64968 84925 123096 6526 64747 10404 10349 387357 622 121601 254295 25966 2766 10873 10809 54943 152110 163404 79692
Astrocyte-activated_module5 1838 23209 3766 54212 79772 124152
Astrocyte-activated_module6 6833
Astrocyte-activated_module7 26040
Astrocyte-activated_module8 83890
Astrocyte-activated_module9 23040
Astrocyte-activated_module10 168667
Astrocyte-quiescent_module1 53919 57568 9762 114088 6507 8927 6386 7067 776 9463 2890 2670 23086 8495 9454 9229 2891 93664 50944 8099 27239 9758 3755 3781 6252 64072 9742 2861 5121 83850 10369 9362 9645 60686 2894 90139 9746 770 221074 114801 57863 23704 3760 2911 201294 375611 653720 10396 57528 27094 114 64506 777 126731 10715 54943 2262 139411 2913 55966 221002 442213
Astrocyte-quiescent_module2 3320 8409 3306 4836 23225 3843 55023 6873 23047 10212 10056 5214 50809 815 4150 55070 7089 64743 7385 23468 10014 3054 6601 4292 5605 23014 26278 11108 261726 1408 7360 51574 114907 57038 90293 4281 126133 5763 119504 51477 2593 8611 1787 51302 48 4862 84693 55975 140890 25792 1528 771 3151 54957 55349 55194 56261 23457 2731 8694 54985 51660 54739 10974 79071 5757 1734 64968 4128 7917 4849 55733 7936 23508 96459 23186 254295 65249 147650 23194 339855 3931
Astrocyte-quiescent_module3 57630 11116 10529 3796 9181 54477 57606 84445 4008 7402 10298 1123 7408 23637 9696 79026 10458 6455 7913 966 29127 23031 23433 10938 9659 124904395 10486 375449 29911 26471 23224 11333 4735 22808 23102 170463 7461 9778 1465 25945 5339 2039 57180 23336 1397 9411 105378858 114822 154043 2218 3899 399694 340527 55273 10267 10235 128553 348262 57186 11183 283149 9814 83876 284018
Astrocyte-quiescent_module4 29929 57130 54407 6533 10979 23256 6574 1186 8604 121551 90678 10133 483 23062 51588 2077 20 3993 64225 10610 9013 744 3920 57561 115201 81617 81858 26232 51522 93183 201973 7586 56654 5360 10347 55074 10908 9120 2762 80199 54020 57192 51754 93343 81602 79817 55032 57452 345274 11163 29887 6489 57154 5502 201266 4121 6253 203062 3268 84102 202151 10825 26503 6536 26290 28232 55356 10317 123096 6526 11156 401145 9263 10501 283927 11179 83643
Astrocyte-quiescent_module5 8548 200558 6619 51678 283349 51390 27031 55036 123872 54756 158399 54936 146223 26002 114827 85452 154865 147991 83894 168090 55068 90634 153657 7620 286204 2051 219681 79973 200373
Astrocyte-quiescent_module6 84073
Astrocyte-quiescent_module7 387 9451 4238 8682 718 1950 7130 5970 2697 79834 6376 3727 4094 3656 3675 7046 4582 5770 581 3667 2669 64750 51701 3911 4811 1843 80332 3164 1295 27122 8829 961 972 649 8643 9314 8493 7301 6236 706 51421 4147 10365 3707 965 3475 9580 5745 56999 3987 51196 6281 1316 8038 3488 11098 55214 6197 10763 57085 1116 6525 84969 2014 2131 6001 84627 8322 80031 2254 91461 57188 1903 1435 81794 165 677 55366 8862 255743 284 81578 5919 83690 3635 5796 780 1290 80760 192668 85301 5549 116535 285704 6006 223117 654502
Astrocyte-quiescent_module8 23305
Astrocyte-quiescent_module9 118472
Astrocyte-quiescent_module10 221476
Astrocyte-quiescent_module11 642968
Astrocyte-quiescent_module12 256815
Astrocyte-quiescent_module13 132989
Astrocyte-quiescent_module14 79703
Ex-Neuron-L2-3-CBLN2-LINC02306-CUX2_module1 3315 1509 5829 682 80228 84085 7091 7025 79817
Ex-Neuron-L2-3-CBLN2-LINC02306-CUX2_module2 1871 648 5127 9696 8503 3727 5595 7049 51588 10451 10274 53635 6782 27244 2002 1850 111064647
Ex-Neuron-L2-3-CBLN2-LINC02306-CUX2_module3 29929 56311 2530 80000 79836 8701 200132
Ex-Neuron-L2-3-CBLN2-LINC02306-CUX2_module4 57488
Ex-Neuron-L2-3-CBLN2-LINC02306-CUX2_module5 22895 54843 222008 4884 57168 57863 59284 4062 56660
Ex-Neuron-L2-3-CBLN2-LINC02306-CUX2_module6 1951 51447 166647 83604 9615 10846 90632 6526 389813
Ex-Neuron-L2-3-CBLN2-LINC02306-CUX2_module7 55596 140890
Ex-Neuron-L2-3-CBLN2-LINC02306-CUX2_module8 203522
Ex-Neuron-L2-3-CBLN2-LINC02306-CUX2_module9 283310
Ex-Neuron-L2-3-CBLN2-LINC02306-CUX2_module10 91523
Ex-Neuron-L4-5-RORB-IL1RAPL2_module1 87 1445 3927 5589 3998 550 29929 11180 9512 5836 51144 1627 8683 5214 5358 374291 4646 90102 4739 54843 56341 1119 51074 26995 5763 84790 84830 5860 57569 8736 10908 2762 80305 9488 29880 51571 55617 56261 63917 253558 64359 29952 3988 6999 22949 84687 10809 57604 440957 285525
Ex-Neuron-L4-5-RORB-IL1RAPL2_module2 57630 9762 5609 7392 8863 1831 1850 285989 7008
Ex-Neuron-L4-5-RORB-IL1RAPL2_module3 3315 5577 9252 121227 1300 5595 7077 51776 60676 161742 4130 28951 1954 3164 1191 839 9509 3696 59350 83734 8099 2115 8193 27244 1303 4886 56311 7007 116804918 3488 5122 283310 5627 81848 84870 200734 91523 10563 80319 1305 2119 5549 399473
Ex-Neuron-L4-5-RORB-IL1RAPL2_module4 1871 25777 8682 5127 23047 8243 3727 546 51588 8295 5424 7343 6949 26278 55596 10274 53635 8971 84148 8036 8555 9781 94239 23469 4300 84232 57479 83719 112939 1896 2002 140890 400954 901 56971
Ex-Neuron-L4-5-RORB-IL1RAPL2_module5 54407 1951 149371 55763 3801 22898 91748 10060 285753 84140 9120 55809 9742 83696 160857 81796 9962 204962 9903 22901 57188 57574 28232 338811 23543 339451
Ex-Neuron-L4-5-RORB-IL1RAPL2_module6 4988 1759 122786 7223 23542 57595 55885 2902 5332 5027 51447 23551 114794 112609 156 80228 5662 10090 23154 26232 419 5596 4356 84620 4685 79695 11255 6543 222008 8787 29799 9796 3354 10846 90632 26050 9751 59284 57540 6323 3765 27094 57348 9651 4062 5150 126129 56660
Ex-Neuron-L4-5-RORB-IL1RAPL2_module7 271
Ex-Neuron-L4-5-RORB-IL1RAPL2_module8 23096
Ex-Neuron-L4-5-RORB-IL1RAPL2_module9 138241
Ex-Neuron-L4-5-RORB-IL1RAPL2_module10 645369
In-Neuron-ADARB2-GRM7_module1 57630 4130 5067 8558 115290
In-Neuron-ADARB2-GRM7_module2 1315 64759 53635 8971 1155 54973 55297 400954
In-Neuron-ADARB2-GRM7_module3 1871 3727 56938 10788 28964 8654 1039 26575 4763 257019 10846 90632 4363 5150 196051
In-Neuron-ADARB2-GRM7_module4 22862 7982 93655 23047 682 6604 22985 10498 7111 79822 121601 50650 55203
In-Neuron-ADARB2-GRM7_module5 5318 56243 4916 23613 23373 55684 200734 642987 442213
In-Neuron-ADARB2-GRM7_module6 25957
In-Neuron-ADARB2-GRM7_module7 4803 8911 2902 2571 80228 11255 3488 222008 55084 8224 2918 4326 57419 163404
In-Neuron-ADARB2-GRM7_module8 79895
In-Neuron-ADARB2-GRM7_module9 80303
In-Neuron-ADARB2-GRM7_module10 286183
M-Pericyte_module1 11215 23432 1946
M-Pericyte_module2 5352 8840 27286
M-Pericyte_module3 25814
M-Pericyte_module4 84310
M-Pericyte_module5 23093 152330 5101 442213
M-Pericyte_module6 83959 202151 4482 64968 6526
M-Pericyte_module7 63917
Microglia-activated_module1 87 54407 6533 144402 25777 483
Microglia-activated_module2 57568
Microglia-activated_module3 550
Microglia-activated_module4 6386 1509 706 4046 10347 6275 1116 55964 460 214 23705
Microglia-activated_module5 5214 4048 29953 8906
Microglia-activated_module6 1793 10788 11329 5218 4643 5027 5793 94134 25780 340533
Microglia-activated_module7 8379 22850 51267 80727
Microglia-activated_module8 10892
Microglia-activated_module9 1807
Microglia-activated_module10 84002
T-Pericyte_module1 1501 57554 114088 2915 29106 9892 9378 5521 4045 2891 2824 1804 10752 285175 6506 7143 56934 2259 2257 6752 4685 10690 112885 79870 23544 8537 460 27092 57795 84457 339479 116135 92737 1600 3751 22986 1826 2898 51523 221938 2917 2560 30010 2897 2555 80059 219902 10718 253559 10777
T-Pericyte_module2 6539 87 80817 121457 374618 57498 55223 10717 23589 85302 55255 23657 288 9129 5315 9475 84310 115416 6608 11043 5156 3675 1161 5608 9322 7164 85363 3720 23418 1488 7040 285 10054 55339 7597 80854 105377622 8601 84936 84991 8382 196403 8613 55250 84239 7024 7915 64131 23604 8099 6444 57103 65975 9729 253461 84129 384 25923 23093 51754 26152 6563 29968 53826 6505 8840 83959 79925 10438 64093 55790 7035 140685 4121 8644 10391 2272 51084 151556 23764 1646 151742 81563 285386 150962 126282 202151 6695 23379 8660 9942 54212 25950 4482 493753 6584 486 64968 361 6526 286183 54886 90196 81890 10628 445815 202374 148641 85301 10809 146712 57758
T-Pericyte_module3 9922 50649 1795 344148 9901 4212 4915 57572 653583 26230 56776 83891
T-Pericyte_module4 8633 5099 22871 57502 57526 4897 84466 2066 1496 55615 5803 83992 4034 3696 114804 10144 57689 5789 4684 64067 79839 1008 152330 23768 124907389 25891 22854 10219 114805 120114 140876 1946 114792 28316 27286 29951 23705 200150 9760 81615 375612 161357 442213
T-Pericyte_module5 91869 1608 114784 976 9699 199223 56171 57577 53353 84059 29091 54762 64478 338645 6263 10242 114788 728215
T-Pericyte_module6 143879
T-Pericyte_module7 23305
T-Pericyte_module8 8706
T-Pericyte_module9 387921
T-Pericyte_module10 4661
Trans-Endo-to-mural_module1 54407 29015 342371 51380
Trans-Endo-to-mural_module2 8633 1946 60677 64084
Trans-Endo-to-mural_module3 117145
Trans-Endo-to-mural_module4 11043 133686 8840 202151 27286
Trans-Endo-to-mural_module5 114793 219902
Trans-Endo-to-mural_module6 27067
Trans-Endo-to-mural_module7 8099
Trans-Endo-to-mural_module8 55970
Trans-Endo-to-mural_module9 10219
Trans-Endo-to-mural_module10 57047
Trans-Endo-to-mural_module11 285386
Trans-Endo-to-mural_module12 80127
Trans-Endo-to-mural_module13 1806 442213
