Sample	FastQC_mqc-generalstats-fastqc-percent_duplicates	FastQC_mqc-generalstats-fastqc-percent_gc	FastQC_mqc-generalstats-fastqc-avg_sequence_length	FastQC_mqc-generalstats-fastqc-percent_fails	FastQC_mqc-generalstats-fastqc-total_sequences
882659_TY81_S3_L001_R1_001	0.029615072237902496	36.0	151.0	27.27272727272727	116407292.0
882659_TY81_S3_L001_R2_001	31.77881367981324	43.0	151.0	9.090909090909092	116407292.0
882659_TY82_S4_L001_R1_001	0.08851557892914741	36.0	151.0	27.27272727272727	146567532.0
882659_TY82_S4_L001_R2_001	38.49232992242785	43.0	151.0	9.090909090909092	146567532.0
882659_TY83_S5_L001_R1_001	0.07101956091538852	38.0	151.0	27.27272727272727	167305403.0
882659_TY83_S5_L001_R2_001	46.852095320835176	44.0	151.0	9.090909090909092	167305403.0
882659_TY84_S6_L001_R1_001	0.03874345864849715	37.0	151.0	27.27272727272727	123140072.0
882659_TY84_S6_L001_R2_001	37.506023131914425	44.0	151.0	9.090909090909092	123140072.0
882659_TY85_S7_L001_R1_001	0.020613656534209213	36.0	151.0	27.27272727272727	194980400.0
882659_TY85_S7_L001_R2_001	34.07407791985257	42.0	151.0	9.090909090909092	194980400.0
882659_TY86_S8_L001_R1_001	0.12521197328825906	38.0	151.0	27.27272727272727	151143236.0
882659_TY86_S8_L001_R2_001	51.007244891103376	45.0	151.0	18.181818181818183	151143236.0
882659_TY87_S9_L001_R1_001	0.17749237978115673	38.0	151.0	27.27272727272727	137414503.0
882659_TY87_S9_L001_R2_001	56.33209078590785	45.0	151.0	18.181818181818183	137414503.0
882659_TY88_S10_L001_R1_001	0.26611594079756173	40.0	151.0	27.27272727272727	146050560.0
882659_TY88_S10_L001_R2_001	60.32580845878449	46.0	151.0	27.27272727272727	146050560.0
882659_TY89_S11_L001_R1_001	0.05135588420705517	36.0	151.0	27.27272727272727	117602786.0
882659_TY89_S11_L001_R2_001	35.89949152126769	43.0	151.0	9.090909090909092	117602786.0
882659_TY90_S12_L001_R1_001	0.1053458528858755	37.0	151.0	27.27272727272727	145401038.0
882659_TY90_S12_L001_R2_001	42.18540047826498	44.0	151.0	9.090909090909092	145401038.0
882659_TY91_S13_L001_R1_001	0.040858530805437	37.0	151.0	27.27272727272727	145247644.0
882659_TY91_S13_L001_R2_001	42.905896819936174	44.0	151.0	9.090909090909092	145247644.0
882659_TY92_S14_L001_R1_001	0.07157721687568142	36.0	151.0	27.27272727272727	156850544.0
882659_TY92_S14_L001_R2_001	46.63507739523654	44.0	151.0	9.090909090909092	156850544.0
882659_TY93_S15_L001_R1_001	0.10614044090590369	36.0	151.0	27.27272727272727	117483619.0
882659_TY93_S15_L001_R2_001	35.49853918340767	43.0	151.0	9.090909090909092	117483619.0
882659_TY94_S16_L001_R1_001	0.11959666664445479	37.0	151.0	27.27272727272727	131860211.0
882659_TY94_S16_L001_R2_001	37.67017903703566	44.0	151.0	9.090909090909092	131860211.0
882659_TY95_S17_L001_R1_001	0.11090289154540756	37.0	151.0	27.27272727272727	162897354.0
882659_TY95_S17_L001_R2_001	46.93468916002489	44.0	151.0	9.090909090909092	162897354.0
882659_TY96_S18_L001_R1_001	0.09074504001293349	37.0	151.0	27.27272727272727	134572900.0
882659_TY96_S18_L001_R2_001	41.43868512035272	44.0	151.0	9.090909090909092	134572900.0
885788_TY81_S1_L003_R1_001	0.09930384690305516	36.0	151.0	27.27272727272727	277747255.0
885788_TY81_S1_L003_R2_001	38.70682330474884	43.0	151.0	9.090909090909092	277747255.0
885788_TY82_S2_L003_R1_001	0.20765785881165755	36.0	151.0	27.27272727272727	168893405.0
885788_TY82_S2_L003_R2_001	39.44579803270244	43.0	151.0	9.090909090909092	168893405.0
885788_TY83_S3_L003_R1_001	0.14337198588756905	38.0	151.0	27.27272727272727	234857563.0
885788_TY83_S3_L003_R2_001	51.08424992060078	44.0	151.0	18.181818181818183	234857563.0
885788_TY84_S4_L003_R1_001	0.14845747575991197	37.0	151.0	27.27272727272727	306797703.0
885788_TY84_S4_L003_R2_001	47.775868108575516	44.0	151.0	9.090909090909092	306797703.0
885788_TY85_S5_L003_R1_001	0.06434803975115244	36.0	151.0	27.27272727272727	277321873.0
885788_TY85_S5_L003_R2_001	36.14877942674328	42.0	151.0	9.090909090909092	277321873.0
885788_TY86_S6_L003_R1_001	0.33154071174213584	38.0	151.0	27.27272727272727	239335979.0
885788_TY86_S6_L003_R2_001	54.44568713015539	45.0	151.0	18.181818181818183	239335979.0
885788_TY88_S7_L003_R1_001	0.0	51.0	151.0	30.0	1.0
885788_TY88_S7_L003_R2_001	0.0	50.0	151.0	30.0	1.0
885788_TY89_S8_L003_R1_001	0.13861587941231335	36.0	151.0	27.27272727272727	152773720.0
885788_TY89_S8_L003_R2_001	37.75291585519164	43.0	151.0	9.090909090909092	152773720.0
885788_TY90_S9_L003_R1_001	0.2302540476960928	37.0	151.0	27.27272727272727	154914179.0
885788_TY90_S9_L003_R2_001	42.76364719994176	44.0	151.0	9.090909090909092	154914179.0
885788_TY91_S10_L003_R1_001	0.17030109042335084	36.0	151.0	27.27272727272727	425994222.0
885788_TY91_S10_L003_R2_001	55.438463607753384	44.0	151.0	18.181818181818183	425994222.0
885788_TY92_S11_L003_R1_001	0.18438468311219935	36.0	151.0	27.27272727272727	121453075.0
885788_TY92_S11_L003_R2_001	43.48581204162924	44.0	151.0	9.090909090909092	121453075.0
885788_TY93_S12_L003_R1_001	0.20978470258576465	36.0	151.0	27.27272727272727	93832226.0
885788_TY93_S12_L003_R2_001	33.48256426240128	43.0	151.0	9.090909090909092	93832226.0
885788_TY94_S13_L003_R1_001	0.18718968718133056	37.0	151.0	27.27272727272727	62565264.0
885788_TY94_S13_L003_R2_001	31.519617406833163	44.0	151.0	9.090909090909092	62565264.0
885788_TY95_S14_L003_R1_001	0.19346349954311393	37.0	151.0	27.27272727272727	124389052.0
885788_TY95_S14_L003_R2_001	43.677979044434025	44.0	151.0	9.090909090909092	124389052.0
885788_TY96_S15_L003_R1_001	0.21240657494614368	37.0	151.0	27.27272727272727	219597501.0
885788_TY96_S15_L003_R2_001	47.34356125224911	44.0	151.0	9.090909090909092	219597501.0
886986_TY81_S1_L004_R1_001	0.0348377753087874	35.0	151.0	27.27272727272727	262408861.0
886986_TY81_S1_L004_R2_001	36.41072301917049	43.0	151.0	9.090909090909092	262408861.0
886986_TY82_S2_L004_R1_001	0.06800232886435253	35.0	151.0	27.27272727272727	157518615.0
886986_TY82_S2_L004_R2_001	36.72975744730924	43.0	151.0	9.090909090909092	157518615.0
886986_TY83_S3_L004_R1_001	0.04957587713434464	37.0	151.0	27.27272727272727	216089137.0
886986_TY83_S3_L004_R2_001	47.71939082339828	44.0	151.0	9.090909090909092	216089137.0
886986_TY84_S4_L004_R1_001	0.04891356281643766	36.0	151.0	27.27272727272727	288702640.0
886986_TY84_S4_L004_R2_001	45.46461769392166	44.0	151.0	9.090909090909092	288702640.0
886986_TY85_S5_L004_R1_001	0.021653008700084797	35.0	151.0	27.27272727272727	250758659.0
886986_TY85_S5_L004_R2_001	33.41121297303809	42.0	151.0	9.090909090909092	250758659.0
886986_TY86_S6_L004_R1_001	0.11787832649694963	37.0	151.0	27.27272727272727	222608456.0
886986_TY86_S6_L004_R2_001	51.523567825903186	45.0	151.0	18.181818181818183	222608456.0
886986_TY88_S7_L004_R1_001	0.07814078137741376	39.0	151.0	27.27272727272727	14189372.0
886986_TY88_S7_L004_R2_001	37.05213253891889	46.0	151.0	18.181818181818183	14189372.0
886986_TY89_S8_L004_R1_001	0.05093293844112168	35.0	151.0	27.27272727272727	149501039.0
886986_TY89_S8_L004_R2_001	35.65798827898277	43.0	151.0	9.090909090909092	149501039.0
886986_TY90_S9_L004_R1_001	0.09101916855051684	36.0	151.0	27.27272727272727	145297590.0
886986_TY90_S9_L004_R2_001	40.090500626771544	44.0	151.0	9.090909090909092	145297590.0
886986_TY91_S10_L004_R1_001	0.05580738048887213	36.0	151.0	27.27272727272727	409389078.0
886986_TY91_S10_L004_R2_001	53.0816337857022	43.0	151.0	18.181818181818183	409389078.0
886986_TY92_S11_L004_R1_001	0.07258839737649225	35.0	151.0	27.27272727272727	123564719.0
886986_TY92_S11_L004_R2_001	41.95502486775978	44.0	151.0	9.090909090909092	123564719.0
886986_TY93_S12_L004_R1_001	0.07621163697216105	35.0	151.0	27.27272727272727	84426945.0
886986_TY93_S12_L004_R2_001	30.12858639445048	43.0	151.0	9.090909090909092	84426945.0
886986_TY94_S13_L004_R1_001	0.07465092659815298	36.0	151.0	27.27272727272727	60251044.0
886986_TY94_S13_L004_R2_001	28.686040288357333	43.0	151.0	9.090909090909092	60251044.0
886986_TY95_S14_L004_R1_001	0.0748632558525486	36.0	151.0	27.27272727272727	125919262.0
886986_TY95_S14_L004_R2_001	42.038128984218815	44.0	151.0	9.090909090909092	125919262.0
886986_TY96_S15_L004_R1_001	0.08788143815463911	36.0	151.0	27.27272727272727	213315959.0
886986_TY96_S15_L004_R2_001	44.88842021824454	44.0	151.0	9.090909090909092	213315959.0
892608_TY81_S1_L001_R1_001	0.10778112889808256	35.0	151.0	27.27272727272727	265335260.0
892608_TY81_S1_L001_R2_001	37.83732430544977	43.0	151.0	9.090909090909092	265335260.0
892608_TY82_S2_L001_R1_001	0.2074187203573672	35.0	151.0	27.27272727272727	158775410.0
892608_TY82_S2_L001_R2_001	37.908746406347014	43.0	151.0	9.090909090909092	158775410.0
892608_TY83_S3_L001_R1_001	0.19753403397902503	36.0	151.0	27.27272727272727	220022372.0
892608_TY83_S3_L001_R2_001	49.9596045709049	44.0	151.0	9.090909090909092	220022372.0
892608_TY84_S4_L001_R1_001	0.16564751252019505	35.0	151.0	27.27272727272727	292590993.0
892608_TY84_S4_L001_R2_001	46.836838257548216	43.0	151.0	9.090909090909092	292590993.0
892608_TY85_S5_L001_R1_001	0.0675630609628115	35.0	151.0	27.27272727272727	254021236.0
892608_TY85_S5_L001_R2_001	35.00666890973912	42.0	151.0	9.090909090909092	254021236.0
892608_TY86_S6_L001_R1_001	0.3117124797247044	37.0	151.0	27.27272727272727	224974767.0
892608_TY86_S6_L001_R2_001	53.061010045494086	45.0	151.0	18.181818181818183	224974767.0
892608_TY88_S7_L001_R1_001	0.18736091831441115	38.0	151.0	27.27272727272727	14531540.0
892608_TY88_S7_L001_R2_001	38.250595679524366	46.0	151.0	18.181818181818183	14531540.0
892608_TY89_S8_L001_R1_001	0.17309500162021152	35.0	151.0	27.27272727272727	150940379.0
892608_TY89_S8_L001_R2_001	36.6521278005671	43.0	151.0	9.090909090909092	150940379.0
892608_TY90_S9_L001_R1_001	0.2564648607259983	36.0	151.0	27.27272727272727	147390319.0
892608_TY90_S9_L001_R2_001	41.241800337631204	44.0	151.0	9.090909090909092	147390319.0
892608_TY91_S10_L001_R1_001	0.19604488549708776	35.0	151.0	27.27272727272727	415272306.0
892608_TY91_S10_L001_R2_001	55.207528230623346	43.0	151.0	18.181818181818183	415272306.0
892608_TY92_S11_L001_R1_001	0.18393811159243967	35.0	151.0	27.27272727272727	125099096.0
892608_TY92_S11_L001_R2_001	43.04740596255701	43.0	151.0	9.090909090909092	125099096.0
892608_TY93_S12_L001_R1_001	0.2088597092938187	35.0	151.0	27.27272727272727	85838743.0
892608_TY93_S12_L001_R2_001	31.41877074063987	43.0	151.0	9.090909090909092	85838743.0
892608_TY94_S13_L001_R1_001	0.20558030281918604	35.0	151.0	27.27272727272727	61038839.0
892608_TY94_S13_L001_R2_001	30.0767057494852	43.0	151.0	9.090909090909092	61038839.0
892608_TY95_S14_L001_R1_001	0.20052368665172082	35.0	151.0	27.27272727272727	127779981.0
892608_TY95_S14_L001_R2_001	43.182890248817905	44.0	151.0	9.090909090909092	127779981.0
892608_TY96_S15_L001_R1_001	0.26529482917952407	35.0	151.0	27.27272727272727	215461873.0
892608_TY96_S15_L001_R2_001	46.44435695897177	44.0	151.0	9.090909090909092	215461873.0
